2013 01 01 17 -1 #y month day tmax tmin
2013 01 02 26 -4
2013 01 03 18 -5
2013 01 04 25 2
2013 01 05 17 -1
2013 01 06 21 12
2013 01 07 34 8 
2013 01 08 34 12
2013 01 09 37 17
2013 01 10 42 34
2013 01 11 35 3
2013 01 12 3 -5
2013 01 13 5 -6
2013 01 14 8 -2
2013 01 15 29 6
2013 01 16 15 -5
2013 01 17 18 0
2013 01 18 25 18
2013 01 19 27 -8
2013 01 20 0 -17
2013 01 21 -7 -19
2013 01 22 5 -19
2013 01 23 0 -16
2013 01 24 13 -11
2013 01 25 7 -8
2013 01 26 16 0
2013 01 27 30 13
2013 01 28 28 19
2013 01 29 23 5
2013 01 30 9 -8
2013 01 31 -8 -21
2013 02 01 0 -22
2013 02 02 5 -13
2013 02 03 7 -3
2013 02 04 23 -1
2013 02 05 11 2
2013 02 06 25 11
2013 02 07 15 0
2013 02 08 26 4
2013 02 09 30 26
2013 02 10 28 18
2013 02 11 20 10
2013 02 12 25 13
2013 02 13 28 11
2013 02 14 12 -2
2013 02 15 11 -5
2013 02 16 20 1
2013 02 17 33 18
2013 02 18 18 -10
2013 02 19 -7 -19
2013 02 20 9 -19
2013 02 21 20 -4
2013 02 22 19 11
2013 02 23 19 17
2013 02 24 23 4
2013 02 25 24 12
2013 02 26 21 9
2013 02 27 25 9
2013 02 28 25 15
2013 03 01 28 5
2013 03 02 26 5
2013 03 03 32 16
2013 03 04 26 22
2013 03 05 25 17
2013 03 06 24 9
2013 03 07 31 11
2013 03 08 32 22
2013 03 09 31 20
2013 03 10 21 1
2013 03 11 25 0
2013 03 12 23 -2
2013 03 13 26 -4
2013 03 14 32 19
2013 03 15 23 -4
2013 03 16 10 -11
2013 03 17 26 -10
2013 03 18 22 -1
2013 03 19 13 -4
2013 03 20 15 -12
2013 03 21 22 -12
2013 03 22 22 -4
2013 03 23 24 7
2013 03 24 27 0
2013 03 25 27 3
2013 03 26 37 2
2013 03 27 41 15
2013 03 28 44 18
2013 03 29 42 12
2013 03 30 41 29
2013 03 31 29 7
